time,x,y,z,phi,theta,psi,x_velocity,y_velocity,z_velocity,phi_velocity,theta_velocity,psi_velocity,rotor_speed1,rotor_speed2,rotor_speed3,rotor_speed4
0.06,-1.3197516997394085e-11,-9.497887771942448e-13,4.999999190701695,6.283185305727242,2.017993327996237e-08,0.0,-1.3197293954041427e-09,-9.497887771942448e-11,-2.69766103477054e-05,-7.261721625365603e-08,1.008988176001619e-06,0.0,403.9205935386204,403.92068451506725,403.9206781414588,403.92067159385414
0.12000000000000001,-6.368563514429377e-10,-5.464087425256244e-11,4.99999805107,6.283185288987596,6.56723067038456e-08,0.0,-2.409200840826297e-08,-2.6145612240607704e-09,-1.1011112541397334e-05,-6.917510856355609e-07,2.5663762626515945e-07,0.0,403.93537976409044,403.9353119301074,403.93546534984796,403.93540952705706
0.18,-3.3034549695314413e-09,-6.288624467428423e-10,4.9999976444556635,8.684430952143884e-10,9.799157574263972e-08,0.0,-6.6875131486484e-08,-1.7504691244509098e-08,-2.542698606600729e-06,2.3364474244697063e-06,1.102682228817265e-06,0.0,403.9328464086976,403.9329226908588,403.9326173579954,403.93289039041
0.23999999999999996,-9.241850221299832e-09,-1.2041402060576422e-09,4.9999974567667085,1.429799150187705e-07,1.3236137341721133e-07,0.0,-1.3545452638984405e-07,1.0636948116585652e-08,-3.713599966122546e-06,2.4326787190220673e-06,-4.868956302633529e-07,0.0,403.92957256177243,403.9294292390107,403.9295181737634,403.9295268503721
0.3,-1.963184973028407e-08,2.4403196937095446e-09,4.999997583150805,2.9529275291650947e-07,1.352178218283484e-07,0.0,-2.097296051183856e-07,1.2384992257264035e-07,7.926326718669761e-06,2.750511762540524e-06,1.1166424458136911e-06,0.0,403.93380929852646,403.9339538735328,403.9339190606146,403.9339476853614
0.36000000000000004,-3.48311006355376e-08,1.5632349521439487e-08,4.999998674026022,4.708799981045786e-07,2.153998144294178e-07,0.0,-3.0332937346421027e-07,3.307358538500545e-07,2.843592200113925e-05,3.2783667295444124e-06,1.7758490334806348e-06,0.0,403.9368921291735,403.9369515336314,403.9369569156913,403.9370044400731
0.4200000000000001,-5.716440085912563e-08,4.447256612772032e-08,5.000000518515565,7.256519785059368e-07,2.937436089922585e-07,0.0,-4.4917549084563704e-07,6.502891079967738e-07,3.3047004512012926e-05,6.181962192504724e-06,3.653939289122998e-07,0.0,403.9315413002799,403.93141409810625,403.93138452547197,403.93164622501064
0.48000000000000015,-8.937301884986406e-08,9.754991223392151e-08,5.000002041882683,1.1484044515341907e-06,3.150715235378243e-07,0.0,-6.263308282231528e-07,1.153558866613262e-06,1.7732092599264552e-05,8.773792240639254e-06,3.3560612650094635e-07,0.0,403.9245839868042,403.9245812926888,403.9246191690193,403.9248526973029
0.5400000000000001,-1.3254792003213823e-07,1.8877495121725797e-07,5.000002896860627,1.692910981176965e-06,2.828146472566573e-07,0.0,-8.123042122102175e-07,1.933967921830862e-06,1.0767259937576818e-05,9.677787158814827e-06,-2.2842639040094938e-06,0.0,403.92766725920893,403.92743105254385,403.92745837782616,403.92753967441143
0.6000000000000002,-1.8582117040761178e-07,3.3662212082327443e-07,5.000003792957551,2.298715619630798e-06,1.2919049030557517e-07,0.0,-9.507969989963591e-07,3.0460019498718886e-06,1.9102532330007976e-05,1.0934716626873374e-05,-3.1127334160253694e-06,0.0,403.9328179931499,403.93274335533255,403.9327106257333,403.93282371918883
0.6600000000000003,-2.445163817776886e-07,5.621165133819586e-07,5.000004696900907,2.9528878204843068e-06,6.2831852142613975,0.0,-9.878835091544206e-07,4.527604145819312e-06,1.1029014555112414e-05,1.0839171251260169e-05,-4.880094747932628e-06,0.0,403.9271669707968,403.9270077037649,403.9272044926328,403.9271956235697
0.7200000000000003,-3.01197133173562e-07,8.879965139398955e-07,5.00000515508443,3.5353986920227953e-06,6.2831849305306005,0.0,-8.763381600315859e-07,6.388814830928372e-06,4.243854901828326e-06,7.446910294862304e-06,-4.4263260409249e-06,0.0,403.92759413991035,403.92763516403426,403.9277094900337,403.9274034021906
0.7800000000000004,-3.4623560522082525e-07,1.3352095281125025e-06,5.00000549715251,3.974041632659464e-06,6.283184630594462,0.0,-6.002876993087582e-07,8.556891787509192e-06,7.158377526610329e-06,7.038301548026187e-06,-6.144278179047347e-06,0.0,403.93099896443283,403.9308441840832,403.9309242934492,403.9308872812429
0.8400000000000004,-3.6908974050121665e-07,1.9201658171176887e-06,5.000006481840996,4.374922172090123e-06,6.2831842465465115,0.0,-1.286978794947209e-07,1.0977542921437014e-05,2.5664338612383484e-05,5.96735274229686e-06,-6.913890316465058e-06,0.0,403.9363857367406,403.93631649588,403.93622468833524,403.9361279730155
0.9000000000000005,-3.566997553255942e-07,2.6572750639838337e-06,5.000008428572784,4.781430012812393e-06,6.283183791601553,0.0,5.796205164588167e-07,1.3626100380869515e-05,3.922654961181066e-05,8.390776895447394e-06,-8.919616222774963e-06,0.0,403.9346544226264,403.9344737573948,403.934462541319,403.9346808862596
0.9600000000000005,-2.9340645240443533e-07,3.560923795537964e-06,5.000010566098622,5.29559323236839e-06,6.283183249826024,0.0,1.5771107928112063e-06,1.653989122248091e-05,3.20244022773804e-05,8.926635602798369e-06,-9.249563906175407e-06,0.0,403.9274054772842,403.92737593830464,403.92747181362586,403.9275199291882
1.0200000000000005,-1.6061504594943687e-07,4.648593526855168e-06,5.000012448230804,5.854877484168242e-06,6.283182662234207,0.0,2.8990851127031353e-06,1.976350321221673e-05,3.0713353294099605e-05,1.0110997707705252e-05,-1.0880578932211336e-05,0.0,403.9295101236818,403.92936329314557,403.9294390938144,403.9295456632951
1.0800000000000005,6.218917901580783e-08,5.9397651893971485e-06,5.00001463931831,6.4465583102801816e-06,6.28318198043722,0.0,4.585913422728774e-06,2.3327800882987816e-05,4.232274984837359e-05,9.361998191402177e-06,-1.2328792241224784e-05,0.0,403.9339484140452,403.9338181036857,403.9339465727185,403.9338788106525
1.1400000000000006,3.9849985141172124e-07,7.455107654956149e-06,5.000016907724177,7.017544943366261e-06,6.283181249454859,0.0,6.688564296945249e-06,2.723299983508524e-05,3.3290892563238124e-05,9.825360108550048e-06,-1.1891509968286914e-05,0.0,403.92686686875373,403.92690658023747,403.9267235706593,403.92676512758607
1.2000000000000006,8.738206074215747e-07,9.214919640961856e-06,5.000018364342328,7.595349775790794e-06,6.2831804981174315,0.0,9.219325369309436e-06,3.14782935431479e-05,1.5263272580680232e-05,9.239484887280802e-06,-1.3783989980112698e-05,0.0,403.92386000498107,403.92368966091516,403.9237086037512,403.923655553523
1.2600000000000007,1.514593843359246e-06,1.1239567938923936e-05,5.000019201354274,8.180086739528747e-06,6.283179684426454,0.0,1.2211318022372505e-05,3.605964777734709e-05,1.2637157950040059e-05,1.075794643826305e-05,-1.3116534337385414e-05,0.0,403.9289697954275,403.9290302922133,403.92895723452267,403.92909391802976
1.3200000000000007,2.3491226531545157e-06,1.3549706191843735e-05,5.000019673340279,8.836476141915739e-06,6.283178910664843,0.0,1.5674356723840736e-05,4.10017210149141e-05,3.0958282262396593e-06,1.1303606093265066e-05,-1.245497750615227e-05,0.0,403.9265876150254,403.92664756479485,403.92663764599007,403.9266865900969
1.3800000000000008,3.4049935338910047e-06,1.6168048774068997e-05,5.0000200270949735,9.49271251471373e-06,6.28317814032391,0.0,1.9587508790033007e-05,4.633454756392653e-05,8.695939062016023e-06,1.0204686916115788e-05,-1.3607372188535666e-05,0.0,403.9318933973669,403.9317897727761,403.93187845596776,403.9317791323427
1.4400000000000008,4.709461542098887e-06,1.9117716571041616e-05,5.000021064414476,1.0052396572035605e-05,6.283177336693544,0.0,2.3965395357500158e-05,5.203881151794645e-05,2.588115998250165e-05,7.574620258765635e-06,-1.2966740490308057e-05,0.0,403.93586372722046,403.93592180055543,403.93584709815656,403.93560974682697
1.5000000000000009,6.290635074457281e-06,2.241900745417276e-05,5.000022641785172,1.0462066544647541e-05,6.283176615688127,0.0,2.8805745938029508e-05,5.804189475299791e-05,2.6697851991553177e-05,5.334087529577763e-06,-1.0116693839679568e-05,0.0,403.93001265867827,403.9302699102094,403.93034877369564,403.93014659932606
1.560000000000001,8.174424921646817e-06,2.6087261681465155e-05,5.000024550322465,1.07083077063308e-05,6.283176034411277,0.0,3.4039058765742744e-05,6.425793671428024e-05,3.691992802910104e-05,1.643557388544777e-06,-8.830394657690973e-06,0.0,403.9333616541009,403.9334778568463,403.9335903381846,403.9332574925687
1.620000000000001,1.038225177772522e-05,3.0132140973770427e-05,5.00002664351161,1.0798982388315892e-05,6.283175484009629,0.0,3.960226715698013e-05,7.057962577839967e-05,3.2853094312605325e-05,1.2465951732773728e-06,-9.859360894902067e-06,0.0,403.9285342613843,403.92844169934165,403.92856811057845,403.9285322835173
1.680000000000001,1.2933769653412532e-05,3.455787115844351e-05,5.0000282497622095,1.0910138168007677e-05,6.28317490223964,0.0,4.549948481660648e-05,7.695282082301938e-05,2.0688745217755024e-05,3.0646756058569106e-06,-9.369751487928134e-06,0.0,403.9256576078773,403.9257019795879,403.9257190471079,403.9258829308648
1.740000000000001,1.5849319541298962e-05,3.9368296659539456e-05,5.000029756886288,1.1095671972327636e-05,6.28317432580479,0.0,5.173515588269315e-05,8.341080238067769e-05,2.954861163752731e-05,3.147343744020732e-06,-1.0082284620677664e-05,0.0,403.9329931660558,403.93292914579763,403.93294363891414,403.9329510204034
1.8000000000000012,1.9149292508814187e-05,4.456948257944813e-05,5.000031785091686,1.1269743435349255e-05,6.283173761177821,0.0,5.831493664302437e-05,8.997788460894002e-05,3.805812677854805e-05,2.408838671813705e-06,-8.066697220865745e-06,0.0,403.9327757553508,403.93295770681095,403.93283516709636,403.932768513355
1.8600000000000012,2.28536656334291e-05,5.016762335524326e-05,5.000034035630162,1.140611592465035e-05,6.283173253522669,0.0,6.520740346913575e-05,9.663905502343071e-05,3.6959835649950824e-05,2.0009222908212e-06,-9.24944282000455e-06,0.0,403.9295437522606,403.92943730847065,403.929603382711,403.929566550302
1.9200000000000013,2.6980724025816575e-05,5.6167753341408135e-05,5.0000352724564125,1.1520827890798557e-05,6.283172747376177,0.0,7.240747139969724e-05,0.00010337551288037298,4.268117758047951e-06,1.7337377709400685e-06,-6.808348431947353e-06,0.0,403.91857545810007,403.9187957596757,403.9187198091338,403.9186956734484
1.9800000000000013,3.1548298886672556e-05,6.257403205040304e-05,5.000035628631984,1.1582473171678487e-05,6.283172325531561,0.0,7.988122698871789e-05,0.0001101743337840326,7.604358712138813e-06,-3.8537074879318466e-07,-7.4755760603482144e-06,0.0,403.9310565287799,403.9309965330593,403.9311858481489,403.9309947575432
2.0400000000000014,3.657187455542835e-05,6.938895445359657e-05,5.000036331902588,1.1578185703520205e-05,6.283171873263763,0.0,8.761057057558028e-05,0.00011698855091707342,1.5837890468853244e-05,5.564148116872913e-07,-7.66224879119046e-06,0.0,403.93271547419596,403.9326988189753,403.9327282971295,403.93281321330085
2.1000000000000014,4.2067206709660614e-05,7.661282598487658e-05,5.000036602509926,1.1627083317478082e-05,6.283171431861227,0.0,9.560645571309118e-05,0.00012381075383388626,-6.817370766522634e-06,1.3320906720009368e-06,-6.745359003162787e-06,0.0,403.9220697774724,403.9221526008069,403.9221339147511,403.92220383507544
2.1600000000000015,4.804989535001369e-05,8.424703580963391e-05,5.000035872405345,1.1701769031979836e-05,6.283171069418959,0.0,0.00010384994634343087,0.00013066964756978052,-1.751944923975378e-05,1.070103796268829e-06,-4.631432812730536e-06,0.0,403.92614736788073,403.92633796950025,403.92625176750755,403.9262281455235
2.2200000000000015,5.453318302146366e-05,9.229408226873883e-05,5.00003477976179,1.181032162822504e-05,6.283170833013887,0.0,0.00011228206535131063,0.00013757276633618692,-1.8902003026652994e-05,3.2873812223606767e-06,-2.5574238152905695e-06,0.0,403.92941412085,403.92960112185887,403.9292706537822,403.9294705725426
2.2800000000000016,6.152619193475306e-05,0.00010075766949977807,5.000033753220511,1.2052078634638974e-05,6.283170683584942,0.0,0.00012083143676777833,0.00014456594818873256,-1.5316039950295768e-05,5.513046557861564e-06,-2.356600137153608e-06,0.0,403.93108967137806,403.9311077783732,403.93108884265945,403.9312895168201
2.3400000000000016,6.903475914750924e-05,0.0001096455015749706,5.000032889086302,1.2349401216305012e-05,6.283170549815818,0.0,0.0001294661337997085,0.00015172250606488474,-1.348843414540662e-05,3.840012696489724e-06,-1.975257169290279e-06,0.0,403.9305174135629,403.9305517968916,403.9306220455874,403.9304711985151
2.4000000000000017,7.706370205038921e-05,0.00011896768099342443,5.000032291267844,1.2592410815415178e-05,6.28317043226229,0.0,0.00013817558856516366,0.00015903744837548082,-6.438848166591757e-06,4.470451192572782e-06,-1.9271620703703743e-06,0.0,403.9323018932193,403.932306229633,403.9323323449674,403.93238918746675
2.4600000000000017,8.561726713324806e-05,0.00012873317710984783,5.00003145236095,1.2894407213970283e-05,6.283170319837298,0.0,0.00014695318996549176,0.0001665039494844809,-2.1524715558314854e-05,6.158893754207046e-06,-1.766925753096684e-06,0.0,403.9247469424422,403.92476139016156,403.9246439183699,403.92479615700597
2.520000000000002,9.469941559710477e-05,0.000138952313670004,5.000029891536128,1.3273738884045372e-05,6.283170261460874,0.0,0.00015579225897236347,0.00017416658536855675,-3.0502779241040855e-05,6.64879397028612e-06,6.149829630954777e-07,0.0,403.92670736878864,403.9269221327289,403.92682892660997,403.9268730983309
2.580000000000002,0.0001043125001970002,0.00014963800446418069,5.000028086328431,1.3679416527523358e-05,6.283170308987181,0.0,0.00016464021284529686,0.00018205818805561126,-2.967081105257719e-05,6.986293318788004e-06,1.1463469370217792e-06,0.0,403.93017658048643,403.930224490327,403.9301822258557,403.93021265616323
2.640000000000002,0.00011445553734480835,0.00016080444066793719,5.000026257382845,1.4136983713441964e-05,6.283170357798813,0.0,0.00017345589779939062,0.00019019457746500306,-3.129404232352415e-05,8.905741915856155e-06,1.4787954346724906e-07,0.0,403.9294569591056,403.92936693323225,403.92921460509405,403.929387670491
2.700000000000002,0.00012512684005659076,0.00017246747711052496,5.000025129260755,1.4632259921931734e-05,6.283170379314313,0.0,0.00018225286698433552,0.0001986181967044095,-6.31002744257568e-06,6.952294864691436e-06,7.800125748284802e-07,0.0,403.93845694623957,403.93851394064023,403.93857489026806,403.9383987635898
2.760000000000002,0.00013632545486301278,0.0001846442750207503,5.000024534762246,1.5004168486321134e-05,6.2831704197349865,0.0,0.00019103048977037234,0.00020730946830498057,-1.3506590052766395e-05,4.690795958423484e-06,4.6100767928772107e-07,0.0,403.9274905964732,403.92746183355933,403.9275140828556,403.9273101759692
2.820000000000002,0.0001480500698848667,0.00019734872130554459,5.000023500256065,1.5315262374748784e-05,6.28317044979849,0.0,0.00019978749354478766,0.00021619790827965226,-2.0976949762262086e-05,6.173084130994987e-06,5.811597031238438e-07,0.0,403.9273559833671,403.9273668168167,403.9272722256975,403.92740587553607
2.880000000000002,0.0001602995194833966,0.0002105922725623668,5.000021868384392,1.5741246211398163e-05,6.283170531207476,0.0,0.00020852242268571783,0.00022528852049236118,-3.3418773372534284e-05,8.952959051613492e-06,2.908084749314449e-06,0.0,403.9255699695949,403.9257797765488,403.9254885339832,403.9257391812114
2.940000000000002,0.00017307119314616192,0.00022438930959267758,5.00002011076426,1.6291378818422686e-05,6.2831707318484185,0.0,0.0002171836762686066,0.00023466012038945807,-2.516856458886954e-05,9.600708725968957e-06,4.215863318124542e-06,0.0,403.93273332425855,403.9328512379111,403.9326672945316,403.93272569789883
3.000000000000002,0.0001863587349181547,0.00023875848506369236,5.0000186392518735,1.6887381802277446e-05,6.2831710176274616,0.0,0.00022571089330852462,0.00024436349569558846,-2.3881848767008212e-05,1.059872336574326e-05,5.85720295700671e-06,0.0,403.930253554027,403.93040154356527,403.9303375225907,403.93042750754574
3.0600000000000023,0.00020015254929914782,0.00025372054120271657,5.00001742627582,1.7474765460434583e-05,6.283171393493383,0.0,0.00023405120802223476,0.0002544250448415318,-1.655068669479371e-05,8.171687264414538e-06,7.078877797002317e-06,0.0,403.93243477684797,403.93254492721996,403.93247764720223,403.93225881749055
3.1200000000000023,0.00021443993343825055,0.00026929618906053793,5.000016164175157,1.7934274912256853e-05,6.283171789731295,0.0,0.00024215913538893166,0.00026480462715128934,-2.551933583004825e-05,6.632078380303279e-06,5.6541230609309375e-06,0.0,403.926891793298,403.92676333085694,403.92691409200495,403.9267752738054
3.1800000000000024,0.00022920710569757443,0.0002855024236535689,5.000014969996729,1.8285010421337233e-05,6.2831720674368015,0.0,0.0002500530394173279,0.0002754358337268155,-1.428661174643244e-05,4.2725723646960244e-06,2.5769503699865206e-06,0.0,403.93397220433974,403.93369475701945,403.9338084233211,403.9335956829797
3.2400000000000024,0.00024444352467574665,0.00030235230323241155,5.00001438464564,1.8560781158249995e-05,6.283172292678749,0.0,0.0002578110302050379,0.00028625001871363735,-5.2250913005731435e-06,5.243384248241348e-06,6.108092696139416e-06,0.0,403.9328351566771,403.93315353600104,403.9330074347334,403.93309496631144
3.3000000000000025,0.0002601408138453788,0.0003198560904309926,5.000013786708521,1.8905527849888415e-05,6.283172625345866,0.0,0.00026540145873474503,0.00029723830050337215,-1.4706146210664582e-05,6.750547062399913e-06,4.417146605674091e-06,0.0,403.92672865595864,403.9265761923892,403.92660023261243,403.92673612549436
3.3600000000000025,0.0002762879738968117,0.0003380255388652552,5.000013368319649,1.9290622744527752e-05,6.283172889800817,0.0,0.0002728141227506542,0.0003084444297741169,7.598502230668721e-07,5.753642359580832e-06,4.3884542132307845e-06,0.0,403.93520589893876,403.93520331197664,403.93528094546195,403.93519106183203
3.4200000000000026,0.0002928752211483149,0.0003568739285996212,5.000013206043075,1.9588735663766954e-05,6.283173152423018,0.0,0.0002800711876921786,0.0003198632758234856,-6.16904319561268e-06,3.397983966769593e-06,4.353929448224213e-06,0.0,403.92751433446836,403.9275111949929,403.92766553366715,403.92745310279764
3.4800000000000026,0.00030989323420152823,0.0003764122619758592,5.000012379512976,1.977030176369965e-05,6.283173450238566,0.0,0.0002871715392439334,0.0003314313068703639,-2.1381960289553605e-05,2.2823267302337836e-06,6.1828906360975105e-06,0.0,403.9246031559659,403.92476806449224,403.9247517307465,403.92465113739826
3.5400000000000027,0.000327331672478313,0.00039664768802673473,5.000010896841944,1.9913851048158904e-05,6.283173829058519,0.0,0.00029407704522115674,0.00034309512243960145,-2.804040739526181e-05,2.6128098450839793e-06,6.575215123555698e-06,0.0,403.9276638128616,403.9276991866299,403.92756125172355,403.92759104956536
3.6000000000000028,0.0003451776764496325,0.0004175855028635371,5.000009140662253,2.0013088624537545e-05,6.28317423117085,0.0,0.0003007550203096525,0.00035484319903910283,-3.0498915539754322e-05,-2.6380980593804813e-07,6.955185051191233e-06,0.0,403.92906589982374,403.92910015953726,403.9291865464039,403.92892717847235
3.660000000000003,0.0003634171995192697,0.00043922945448371793,5.00000706926394,2.004361347296424e-05,6.283174629141943,0.0,0.0003071935354016669,0.00036662249406250086,-3.85476947642721e-05,2.0538172743319737e-06,5.9881769323509015e-06,0.0,403.92719545644945,403.9271082666364,403.9270471751142,403.927256142952
3.720000000000003,0.00038203618988852796,0.0004615811503556423,5.000005068008671,2.0185806935302253e-05,6.2831749870805105,0.0,0.0003134082043889364,0.00037844560588145393,-2.816081376498917e-05,3.0020310736729924e-06,5.9205745469559185e-06,0.0,403.93344802711465,403.93344193191285,403.9334673516635,403.93355284560914
3.780000000000003,0.0004010217292001808,0.00048464490923996376,5.000003938122126,2.0346218459366128e-05,6.283175381110006,0.0,0.000319410436264855,0.0003903612028411222,-9.502070681798411e-06,2.0165059733615772e-06,7.860294324782648e-06,0.0,403.93626950495366,403.93644439500997,403.9363190949466,403.9362302375205
3.840000000000003,0.0004203600677318533,0.0005084262566800377,5.000003800909317,2.047261392412736e-05,6.283175883439476,0.0,0.00032515838222543417,0.00040236116288853383,4.928288527706205e-06,2.2868694155382113e-06,9.396262251968756e-06,0.0,403.9347852065824,403.9349236580986,403.9348633113324,403.93488767827273
3.900000000000003,0.0004400341154646807,0.0005329299086846992,5.0000034991397,2.0681701696112498e-05,6.283176456647665,0.0,0.0003305936368201398,0.0004144423337384221,-1.4987182347916696e-05,5.8803448602632646e-06,9.867072464088883e-06,0.0,403.92312281628807,403.92316517349946,403.922853954623,403.92317794431915
3.960000000000003,0.00046002408726619634,0.0005581627717352831,5.000002042561378,2.10198669297057e-05,6.28317702398094,0.0,0.0003356882094705893,0.0004266832252750659,-3.356542895088603e-05,5.1475675172354915e-06,8.632506312860867e-06,0.0,403.9235793495332,403.9234680345216,403.9235868749706,403.92352080387025
4.020000000000002,0.0004803099242787738,0.0005841359292661499,4.999999863670449,2.1322891692321377e-05,6.283177573484796,0.0,0.0003404598163760294,0.0004391153679491018,-3.906426905329049e-05,4.8561024226353735e-06,1.0210159429941881e-05,0.0,403.9278564242927,403.92799867252756,403.9281390301364,403.9281127504071
4.080000000000001,0.0005008720615437052,0.0006108602884350131,4.99999734995933,2.1577914680825927e-05,6.283178192288625,0.0,0.00034489106939859386,0.0004517204244749464,-4.47261018899754e-05,3.038917100322623e-06,1.0519871841075127e-05,0.0,403.92791302293443,403.92794094809386,403.928096522243,403.9279326768913
4.14,0.0005216890857698031,0.0006383451092780837,4.999994759367227,2.1733750177332922e-05,6.28317883340595,0.0,0.0003489542645721127,0.00046445501229763547,-4.162696802716402e-05,1.7139260311305984e-06,1.1016120506034341e-05,0.0,403.93095333670135,403.93099808046037,403.9310378771402,403.9309184110371
4.199999999999998,0.0005427384923760639,0.0006665965351624415,4.999991820717516,2.1886645375168712e-05,6.283179485264743,0.0,0.0003526353839917192,0.0004772703310734822,-5.632802284392968e-05,4.216855596019003e-06,1.0560696882742035e-05,0.0,403.92493015251284,403.92488908935445,403.92471585797205,403.9249415348333
4.259999999999997,0.00056399733714774,0.0006956200629261223,4.999988775123957,2.215214317224934e-05,6.283180128812557,0.0,0.0003559370880644311,0.0004902031993229808,-4.519176213453572e-05,4.841175369312575e-06,1.1055994908404971e-05,0.0,403.9336857086724,403.93373036641725,403.93373315940295,403.93378945002615
4.319999999999996,0.000585442797797955,0.0007254243475267306,4.9999862402554855,2.2421470871059057e-05,6.2831808392537205,0.0,0.00035885170149276365,0.0005032973588982532,-3.93038536037542e-05,3.7840249125056023e-06,1.3410021881279261e-05,0.0,403.93181619847854,403.9320284459589,403.931992993581,403.9318976772257
4.379999999999995,0.0006070501629292357,0.0007560188184084674,4.999983832028884,2.2618052777367836e-05,6.283181636358403,0.0,0.000361323968331139,0.0005165368044176305,-4.097036663901151e-05,2.2610261892757207e-06,1.3035189218106535e-05,0.0,403.92936721124266,403.9293334150155,403.9294017515558,403.92926443179346
4.439999999999993,0.0006287918409353014,0.0007874108465505913,4.999981021639709,2.276224753838818e-05,6.2831824420242555,0.0,0.0003633294058532955,0.0005298763323678623,-5.2709273036098396e-05,2.687684143847096e-06,1.4212902424376323e-05,0.0,403.92582902771784,403.9259352162679,403.9258697758098,403.92590824536586
4.499999999999992,0.0006506394107567832,0.000819605910373473,4.999978317242093,2.2956893654502153e-05,6.2831832867734665,0.0,0.0003648489073562502,0.0005433079768341,-3.7437313681974236e-05,4.356914252983321e-06,1.3811654474462545e-05,0.0,403.93519374695,403.9351575695609,403.93505654803306,403.935207050479
4.559999999999991,0.0006725632763295097,0.0008526106188866669,4.999976129862957,2.3238139821302184e-05,6.283184161434217,0.0,0.0003658723447897307,0.0005568726307433952,-3.547532452537351e-05,5.3484715957642246e-06,1.610968433092536e-05,0.0,403.9304992093953,403.9307064087436,403.93052597489526,403.9306153775014
4.6199999999999894,0.0006945326924097565,0.0008864343975816042,4.999974946650263,2.359431753529151e-05,6.283185114167404,0.0,0.0003663578378823125,0.0005706161785595642,-3.96509851542966e-06,7.11191656584302e-06,1.541728666410148e-05,0.0,403.94082246198514,403.9407600346629,403.9405800885764,403.9407390835504
4.679999999999988,0.0007165145334393085,0.0009210893870921497,4.999974405995279,2.404467821559564e-05,7.429277184556327e-07,0.0,0.0003662890590118765,0.0005845883751050099,-1.4056724815396258e-05,8.294189199791165e-06,1.5962180335474554e-05,0.0,403.92649863185164,403.92654774078414,403.9263251264239,403.9264317257935
4.739999999999987,0.0007384756150984304,0.0009565908712561335,4.999973362272075,2.4530436383507492e-05,1.7101887515025282e-06,0.0,0.0003656630676757284,0.0005988373031818956,-2.0734049880768514e-05,7.699527096163129e-06,1.6438689047404577e-05,0.0,403.92759615869625,403.92763912316076,403.9276538738552,403.92760025654763
4.799999999999986,0.0007603819810252964,0.0009929557584254845,4.999971840680317,2.49945242476457e-05,2.680395093435095e-06,0.0,0.0003644638267768771,0.0006133659745222149,-2.998567676496218e-05,7.805338859449017e-06,1.5632933662161204e-05,0.0,403.9268294073174,403.9267567569846,403.9266802192003,403.9266897597551
4.859999999999984,0.0007821994415719518,0.0010302005884561634,4.999969951081069,2.5469721291138114e-05,3.5669054891940277e-06,0.0,0.0003627053111067042,0.000628169493328694,-3.3000966138825e-05,8.149173477460152e-06,1.3059597530294736e-05,0.0,403.92902129612764,403.9287892736664,403.92883703477224,403.928868036416
4.919999999999983,0.0008038961914485068,0.0010683420844074178,4.999968215504758,2.5948018643084936e-05,4.374717481603341e-06,0.0,0.0003604502996124427,0.000643255873822596,-2.4851578719203588e-05,7.616518294096719e-06,1.4271392220252852e-05,0.0,403.93256470788333,403.93267396756397,403.9328243044513,403.93277627857674
4.979999999999982,0.0008254431331988881,0.0011073970715937541,4.99996600677846,2.6383425755227563e-05,5.269866872659179e-06,0.0,0.000357704733050083,0.0006586159354019282,-4.8772633255235094e-05,6.53730933427832e-06,1.621465346309433e-05,0.0,403.92160857260035,403.9217837885398,403.92176344861286,403.92166614096044
5.0399999999999805,0.0008468091741922362,0.0011473811806359303,4.999963699812859,2.6765139045537012e-05,6.2394129907161755e-06,0.0,0.0003544119411362761,0.0006742214406867742,-2.8126220708052462e-05,6.011043553652996e-06,1.604799878443724e-05,0.0,403.93709267169606,403.93707764603386,403.9369342551943,403.9368868058644
